 6 582 3854
 352 582 6
 582 3187 2152 352
 1989 1065 352
 1331 1065 352
 1331 3590 3187
 1065 3854 3051
 1065 352 3854
 582 4363 1331
 3854 2505 1331
 3854 2394 2152 2322
 2697 3051 1331
 3854 2152 6
 3187 6 3187
 1331 582 3187
 4640 3590 6
 3051 582 352 582
 2152 352 2697
 4640 3590 6
 4363 2394 582
 19 4110 2640 2880
 6 1064 2696 2351 130 4634 1953 3853
 6 1064 2696 2351 130 4634 3806
 6 1064 2696 2351 130 4634 4857
 124 2698 1064 2871 1999 63
 124 4 2107 3806
 127 5 4256
 128 2616 3806
 128 3389 622 1910 3806
 131 2360 2153 1988
 131 2360 2160
 136 2425 3853 1585
 137 2507 4699 2175 2429 3853 4532
 136 183 3591 2507 2960
 136 183 3591 3806
 6 2591 2726 2027 3853 172
 131 2443 3000 1357 339
 131 2443 3000 1357 582 3626 3853 665
 131 2443 3000 1357 2133 3853 3853 1330 2230
 131 2443 3000 1357 2979 2107
 131 2443 3000 1357 3806
 131 2940 4883 754 3806
 6 2698 3853 130 158 706 4362 4634 3806
 173 129 550 2473 4362
 180 4723 1330 1304
 180 4723 1330 4256
 6 2999 2871 2474 3050
 6 2999 2871 2474 3050 4256
 6 2999 3262 1828 4504 158
 6 2999 3853 174 339
 6 2999 3853 174 1304
 173 2940 4036 186 2079
 201 3806
 240 4256
 6 3589 1064 2870 3626 3739
 265 582 3626 3853 665
 269 3853 2620
 6 3838 2696 4648 158 3806
 276 2153 3191 602
 276 2153 3191
 276 2153 4187
 276 2151 2880 4362 2507 2960
 302 4362 214 4726 2507 2960
 6 4639 4981 2940 3189 2455
 6 4639 754 2519 3806 4857
 329 2322
 6 4719 3806
 6 4954 6 4684
 6 4781 2940 3806
 354 2471 4256
 354 2591 2507 2960
 364 2895 130 582 3626 3853 665
 354 3050 1911 2999
 371 4362 2589 3806
 391 3806
 394 4634 3806
 402 3094 180 4723 1330 582 3626 3853 665
 402 3094 1953
 402 3094 2607 2125
 402 3094 3028
 402 3094 3371
 402 3094 3372
 402 3094 3627 3853 1474 4781 2351
 402 3094 3778 5 582 3626 3853 665
 402 3094 4144
 402 3094 4762
 390 1330 1988 2683 3938
 390 1828 3107 2153 4804
 390 2591 2591 3157 2507 2960
 390 2504 2880 4362 3806
 390 3589 3002 1330 3108 1828
 390 4441 2544 2035 2696 441 3425 3853 579 4427 2155
 439 2940 678 186 3797
 439 3853 2001 3371
 439 3853 2001 4256
 461 2870 3626 1304
 352 2591 3853 3853 2122
 474 1029
 474 4200 3853
 476 3925 2999 339
 478 2267 2126
 479 3565 4956
 476 1064 2846 1304
 476 2940 1999 4256
 476 3107 2468 1828
 476 3107 2542
 476 3107 2542 3335
 476 3107 4365 4362 4256
 476 3107 4395 754 3806
 494 4441 4883 754 1304
 504 274 3806
 513 1064 1096 2639 3806
 513 3000 1304
 513 3000 2742 2258
 513 3000 4829
 526 1064 3389 339
 529 2079
 526 3853 4362 3097 3806
 550 186 2455 3094 4762
 550 1064 1064 1988 2369 296
 550 2473 4362 383 3094
 550 2473 4362 383 3094 2955 3219
 550 2473 4362 383 3094 339
 550 2473 4362 383 3094 339 4857
 550 2473 4362 383 3094 668
 550 2473 4362 383 3094 668 2620
 550 2473 4362 383 3094 582 3626 3853 665
 550 2473 4362 383 3094 1347
 550 2473 4362 383 3094 1347 339
 550 2473 4362 383 3094 3806
 550 2473 4362 383 3094 4256
 550 2473 4362 383 3094 4857
 550 2473 4362 383 3094 4857 339
 550 2473 4362 383 3094 3364 2693 581 2613 2160
 550 2473 4362 681 2940 1317
 550 2473 4362 2092 3854 4831 1330 2620
 550 2473 4362 2727 2355 3806
 550 2473 4362 2778 3591 1988
 550 2473 4362 2778 3591 1988 4762
 550 2473 4362 2922 1828 2624 3107
 550 2473 4362 3854 1357 214 3806
 550 2473 4362 4428 1480 5 785
 550 2473 4362 4510 123
 550 2473 4362 4510 123 339
 550 2473 4362 4510 123 2620
 550 2473 4362 4510 123 3333 4984
 550 2473 4362 4510 123 3806
 550 2473 4362 4363 2267 1884 3806
 550 2591 2696 2255 3219
 563 2696 123 3806
 573 2133 351
 563 2777 3853 1330 550 1064 1064 1988 2369
 563 4956 3806
 578 3107 1828 3806
 580 4391 2151
 580 622
 580 571
 604 429 3591 4762
 584 2696 1143 2789
 604 3012 2507 2960
 604 3012 3797
 604 4532 2806 861
 622 2355 351 3804 3050 2461 1961 4736
 622 2504 137
 622 2504 4532 339
 622 2940 308 1304
 637 1330 4794 582 3626 3853 665
 637 1330 4794 3806
 584 3853 3853 2153 582 3626 3853 665
 582 1585 2655 3806
 668 1573 4828
 751 359 3188 755 3853
 681 2151 706 1330
 681 2151 706 1330 1695 3405
 681 2151 706 1330 1304
 681 2151 706 1330 4256
 681 2940 679 4660 3854 2267
 681 2940 3925 2455 2462 3107 1828
 688 3851 2507 2960
 686 3077 822 2810 658
 694 3188 4503 3418 4364
 681 2999 4993 186
 681 2999 2151 573 3219 4752 3853 4364
 681 2999 2151 800
 681 2999 2151 1347 1304
 681 2999 2151 1347 3806
 681 2999 2151 4144 2507 2960
 681 2999 2151 4763 3806
 681 2999 2457 4362 681 2999 2151
 704 3853 4938 3806
 706 186 2092 2999 2592 2696 3335
 706 186 2092 2999 2592 2696 4256
 706 2940 680 3838 2507 2960
 706 2940 680 3838 2620
 706 3050 2474 2696 367
 716 3041 4362 582 3626 3853 665
 706 4794 2456 2035 2999 582 2132 172
 718 2940 390 1330 3806
 718 2940 706 2999 339
 718 2940 706 4794 4256
 718 2940 3854 4831 1330
 725 4256
 725 4550 861
 725 4550 2122
 725 4550 3371
 725 4550 2065 669
 726 582 1330 2819 3851
 726 1843
 726 1843 3806
 728 5 582 2132 2458 2999
 728 5 582 2132 2458 2999 2666
 728 5 582 2132 2458 2999 4857
 728 2999 3207 1828
 728 2999 3207 1828 822 438 2969
 728 2999 4974 1589 3117 700
 728 2999 4983 2035 2999
 728 3107 1972 172 4256
 728 3141 3854 2267 1988 4036 1064 2132
 735 130 2377 2823 2369 2102
 735 3050 3298 2061 3805 4441 4851
 582 2132 4036 186 4525 2999
 740 3077 2417
 582 2132 172 2092 1330 339
 582 2132 172 4804
 679 4652 2153 4256
 679 4831 1330 718 172 4762
 582 2351 581 4653 3806
 765 2870 3626 3806
 767 4394 678 4762
 766 2806 2151 4256
 582 2591 4736 4256
 582 2687 2940 3049 2079
 806 715 4427 1961 4736
 814 3077 2791
 806 2693 1474 3565 4956
 847 284 4723 1330 1304
 847 284 4723 1330 3806
 797 2998 2361
 871 2960 4955 3853 4144
 902 4362 179 3854 2267 158
 902 4503 4611 1425 4182 3853 793
 803 3364 3803 3778 351 3853
 1048 3851 720 1314 3853 4505 2455
 987 793
 956 4256
 960 1330 2519 339
 960 4441 3141 2960 2484 3 3853
 964 1638 3335
 971 3806
 987 4038 1961 4736
 987 4038 4762
 993 3806
 797 4736 2940 200 845 2823 2369
 845 1183 981
 1000 2184 3806
 1000 2940 496 1330 3806
 1016 2727 1828 3804 4736
 1028 4644 1474 3806
 582 3831 1988 4699 3853 4362 1304
 582 4647 3806
 1042 3853 583 1143 4804
 1067 476 1911 2999
 1067 1664 3050 1064 2190 1304
 1067 2001 3806
 1067 2351 4956 1623
 1067 2351 4956 1623 582 3626 3853 665
 1065 130 2461 2151 4441 3806
 1079 3626 2639 6 2999
 1067 4794 4131 3028 4186
 1097 1064 214 3806
 1129 4364 339
 1097 3363 4362 785
 1097 3363 4362 4804
 1097 4729 2943 2351
 1208 3853 2322
 1209 1064 2267 3335
 1259 754 3806 1347
 1259 754 3806 4857
 1281 2000 2190 4532
 1259 4742 1304
 1286 129 1330 339
 1286 129 1330 2507 2960
 1318 2940 2640 3186 4256
 1320 2941 4640 3854
 1318 4953 4532 3806
 1347 339
 1347 800 339
 1347 4186
 1348 2039 144
 1331 322 4448 3589 2698 2544 6 4736 2960
 1331 1064 1828 4796 3626 3806
 1331 1064 2696 4666 473 2940 1096 2639
 1331 1064 2696 4666 706 2940
 1331 1064 4894 544 3853
 1331 1330 4395 3180 2545 2999 3806
 1475 2942 3000 4256
 1393 275 1953
 1393 275 3219 339
 1331 2639 2164 2004 4956
 1400 3444 3806
 1419 1828 2092 3107 4256
 1419 1828 2498 2999 3806
 1419 1828 2961 3050 339
 1475 2942 3000 4256
 1331 3853 4457 4365 2940
 1499 4960 1330 2697 2267 3783
 1499 3015 3853 339
 1518 1843 4804
 1591 429 4804
 1607 4828 793
 1607 4956 3371 2079
 1609 2823 2369
 1609 3871 1040 274 1843 339
 1618 6 2870 3853
 1619 4971 3107 1828 3806
 1622 3626 3589 1843
 1622 3626 3589 3219
 1659 2940 4723 1330 2507 2960
 1695 4207
 1713 2940 4362 4256
 1716 3589 1421 3806
 1722 1474 3806
 1727 3994 2940 4363 2267
 1727 678 3806
 1731 1330 4236 3806
 1763 4274
 1772 4256
 1774 2940 741 3853 4474 1304
 1806 2455 4365 2455 718
 1812 1474 4532 386 2122
 1812 1474 4532 386
 1589 4652 4532 339
 1806 3853 2346 3050 3374 3853 4804
 1820 3212 2640 4699
 1835 3119 3219
 1835 3119 3806
 1831 2775 2351 4804
 1831 2940 1419 1828 3925 2999
 1845 4828 339
 1845 4828 2231 2940
 1870 3001 1828 1380
 1873 130 1064 582 3626 3853 665
 1851 4956 2506 2999 354 1988 3838
 1851 4956 2506 2999 3364 2693 581 2613 2160
 1851 4956 2506 2999 354 1988 3838 2507 2960
 1851 4956 2506 2999 354 1988 3838 4428 3591 658
 1851 4956 2506 2999 1347 339
 1851 4956 2506 2999 1347 668
 1851 4956 2506 2999 2641 3804 2999
 1851 4956 2506 2999 2641 3804 2999 2508 186
 1851 4956 2506 2999 2823 2369
 1851 4956 2506 2999 2823 2369 3906
 1851 4956 2506 2999 3806
 1851 4956 2506 2999 3854 1474 126
 1851 4956 2506 2999 4187
 1851 4956 2506 2999 4680
 1886 4186
 1885 512 2504 4362 239 582 3626 3853 665
 1885 351 4131 2079
 1829 2190 4212 3806
 1885 3094 2092 2999 4504 172
 1916 2069 2639 3335
 1911 2590 992
 1911 3254 2999 4256
 1911 3589 1064 3107 270 3610 3853 3105
 1931 4804
 1949 4931
 1953 2474 4883 359 3188 755
 1953 4365 2350 1330 2151
 1953 4987 2999
 1953 1066 2544 3797
 1953 1668 1304
 1953 3787 582 3626 3853 665
 1953 4883 678 1304
 1961 4736 582 3626 3853 665
 1972 2190 2544 2696 246 2507 2960
 1972 2190 2544 2696 246 3806
 1972 2504 2507 2960
 1972 2504 4256
 1972 3094 339
 1972 3803 1990 871 4362 2267 1450
 1989 1065 352 515 3084
 1991 2151 3854 2267 582 3626 3853 665
 1991 2184 3853 4764 1304
 1991 2420 2507 2960
 1996 2178 350 3806
 2000 2190 4532 3335
 2000 3186 4212 1843
 2008 681 2999 718 1330 1988
 2015 2122
 2017 2693 2940 3806
 2023 3107 3806
 2031 2649 3806
 2070 186 1727 3050 4036 186 4419
 2079 4761 339
 2070 2504 4532 2322
 2082 2035 1096 3806
 2082 3116 3806
 2092 679 2267 3806
 2092 2565 2505 2267
 2092 2505 2267
 2092 754 582 2132 172
 2093 2519 1961 4736 2507 2960
 2093 2519 2079
 2093 2519 4763
 2122 2312 870 4514 1450 130
 2102 4401 32
 2102 1742 4448 110 1064
 2102 1742 4448 1383 3853
 2092 2999 2458 1988
 2092 2999 2458 1988 3931 274
 2092 2999 3871
 2119 339
 2092 4648 186 339
 2092 4648 186 3111
 2130 4310 1304
 2130 4310 3806
 2130 4310 4804
 1989 3853 4639 4363 3853 1330 2456 4794 186
 2133 429 4362 2079
 2136 1330 339
 2133 3853 3853 1330 2230 131 2443 3000 1357
 1989 4831 1330 2501 172
 2148 4447 3806
 2152 2696 438 123 4804
 2231 1154 2420 4362 3854 2267 1988
 2231 1828 1971 3806
 2295 3077 1440 3854 2267 5 3363 3626
 2322 4273 4321
 2255 1488
 2255 3219
 2152 3363 1988 2507 2960
 2152 3561 351 130 339
 2152 3589 4717 2267 3335
 2396 2518 173 129 550 2473 4362
 2396 2518 6 4984 2696 3 3853
 2396 2518 354 2166 4699 2151
 2396 2518 354 2999 3853 5 4796 2940
 2396 2518 354 4131 1828
 2396 2518 383 4639 4640 351 2230
 2396 2518 390 2942
 2396 2518 390 3589 2395 4956 5
 2396 2518 390 3836 1474 2151
 2396 2518 439 2940 2395
 2396 2518 439 2940 2395 2151
 2396 2518 476 3107 2542
 2396 2518 550 2696 475 2999
 2396 2518 561 1830 3608 3188 2151
 2396 2518 561 1841
 2396 2518 706 2999 2461 2455
 2396 2518 1272 1064 186 3888 186
 2396 2518 1318 5
 2396 2518 1318 3853 4660
 2396 2518 1419 158
 2396 2518 1851 2698 2506
 2396 2518 1885 3589 186
 2396 2518 1829 3626 2395
 2396 2518 1991 2420 2395 1988
 2396 2518 2017 2151 3625 5
 2396 2518 2410 3838 2443
 2396 2518 2425 2999
 2396 2518 2458 2696 3363 2999 679 200 1379
 2396 2518 2458 2696 3363 2999 3854 2184 2506 3186
 2396 2518 2458 4956 4639 2727 2355
 2396 2518 2462 678 2190
 2396 2518 2462 2591
 2396 2518 2462 2698 2726
 2396 2518 2462 3838 2267
 2396 2518 2462 3853 3050 2698
 2396 2518 2456 1990 2351 4645 1064 2230
 2396 2518 2456 2506 3188
 2396 2518 2456 2563 1379
 2396 2518 2456 2613 2151 2455
 2396 2518 2456 4794 3094 2847
 2396 2518 2507 2942
 2396 2518 2507 2999 1841 402 3094
 2396 2518 2507 3186 186
 2396 2518 2542 186 2542 186
 2396 2518 2545 2775 123 402 3094
 2396 2518 2545 2696 3254 2999
 2396 2518 2545 2999 2455 3094
 2396 2518 2545 2999 2455 3094 3925 2696 353 4794 186
 2396 2518 2592 2696 322 354 2591
 2396 2518 2592 2696 322 3001 3314 3853
 2396 2518 2592 2696 322 3550 4714
 2396 2518 2592 2775 3094
 2396 2518 2699 2698 2696
 2396 2518 2727 1828 2455 3094
 2396 2518 2727 2355
 2396 2518 2699 3853 4611 2591
 2396 2518 2778 2775 2232
 2396 2518 2778 2918 4699 3107 1828
 2396 2518 2778 2999 2455 4645 4639
 2396 2518 2778 3853 3591
 2396 2518 2697 2267 1971
 2396 2518 2847 4956 129
 2396 2518 3016 3141 1064 2230
 2396 2518 3016 4736 2942
 2396 2518 3042 3777
 2396 2518 3213 3853
 2396 2518 3189 3777 2474 2473 3853
 2396 2518 3255 2518 1884
 2396 2518 3255 2506 4362 2232
 2396 2518 3255 2506 4362 3094
 2396 2518 3255 2544 3186 123
 2396 2518 3255 2591 2457 4362
 2396 2518 3269 63 4660
 2396 2518 3326 186
 2396 2518 3558 1474 2151
 2396 2518 3592 2395 1988
 2396 2518 3627 353 2942
 2396 2518 3627 2826 3853
 2396 2518 3627 2959 186
 2396 2518 3839 2457 2696
 2396 2518 3855 438 4362
 2396 2518 3925 1988 582 2132 172
 2396 2518 3925 2506 2698 4362
 2396 2518 3954 4645 3094
 2396 2518 3925 2591 2696 186
 2396 2518 3854 1418 186
 2396 2518 3954 4645 3094
 2396 2518 3925 3049 4658
 2396 2518 3981 2153
 2396 2518 3994 1474
 2396 2518 4036 214
 2396 2518 4052 3186 186 402 3094
 2396 2518 4282 2457 717 4364
 2396 2518 4310 1850 2151 3364 4956 172
 2396 2518 4365 2940 4525 754 3925 2999
 2396 2518 4365 2940 123
 2396 2518 4365 2940 123 3592 4364
 2396 2518 4365 2940 2424 2999
 2396 2518 4365 3777 2592 2613
 2396 2518 4365 3777 4985 3186 2230
 2396 2518 4386 4658
 2396 2518 4423 186
 2396 2518 4423 4427 158
 2396 2518 4395 3363 2999
 2396 2518 4504 1830 3619 4703
 2396 2518 4640 2687 3925 2581 239
 2396 2518 4640 2687 3925 2696 353 4794 186
 2396 2518 4797 2409 2455
 2396 2518 4958 3853 2230
 2396 2518 4985 2696 3838 1064
 2396 2698 2161 3806
 2402 4362 2592 2696
 2396 2940 2190 3558 2132 705 274
 2405 3906
 2410 3589 4781 2355 2079
 2421 2133 186 2498 2455 4419
 2421 129 582 2132 172 3806
 2425 172 3806
 2425 172 2960 4110 3050
 2429 1640 2940 3853 3001 796 2639 3853
 2429 2545 584 2230
 2429 2896 3781 1330
 2425 3050 339
 2425 3050 2498 3107 582 3626 3853 665
 2444 2506 2444 2591
 2444 2940 1038 3008
 2451 814
 2444 3314 4427 3806
 2444 3804 2999 452
 2444 3804 2999 1347 339
 2444 3804 2999 2361
 2444 3804 2999 3390
 2444 3804 2999 4857
 2444 3804 2999 4857 339
 2444 3804 2999 4857 668
 2458 2473 550 2473 4362
 2458 2639 186 128 3389 1304
 2458 2696 3363 2999 6 2918 301
 2458 2696 3363 2999 6 3589 186 3806
 2458 2696 3363 2999 354 1988 3838
 2458 2696 3363 2999 354 1988 3838 3806
 2458 2696 3363 2999 554 2355
 2458 2696 3363 2999 554 2355 582 3626 3853 665
 2458 2696 3363 2999 550 2473 4362 803
 2458 2696 3363 2999 681 2151 706 1330
 2458 2696 3363 2999 1499 3015 3853
 2458 2696 3363 2999 1897 2696
 2458 2696 3363 2999 2396 4719
 2458 2696 3363 2999 2396 4719 4615
 2458 2696 3363 2999 2458 3186 3141 3806
 2458 2696 3363 2999 2458 4956 4639 3806
 2458 2696 3363 2999 2462 2775 186 172
 2458 2696 3363 2999 4063 1330 1988
 2458 2696 3363 2999 4310 1830 2151 4504 1830
 2458 2696 3363 2999 4640 438
 2458 2696 3363 2999 4797 2455 2027 3853 172
 2458 4362 2726 1317 3806
 2458 4956 4036 186 3806
 2462 301 2092 2999 2620
 2462 549 2940 371 4639
 2462 754 3925 2999
 2462 1330 3925 2999 4256
 2462 1330 4310 339
 2463 1330 3806
 2468 1828 2565 3806
 2468 4362 3785 1850 582 3626 3853 665
 2468 4362 3785 1850 1304
 2468 4362 3806
 2468 4956 5 582 3626 3853 665
 2462 3415 1380 386
 2462 3591 2698 4362 3806
 2462 3804 2999 4804
 2462 4794 339
 2462 4794 4804
 2456 1990 4794 476 3107 4797 2940
 2456 2155 4395 754 3806
 2474 1330 4794 3854 2155 2484
 2474 2696 582 2132 172 3806
 2474 2696 2092 2999
 2474 2696 2462 301
 2474 2696 3925 2999
 2474 2696 3925 2999 3219
 2474 2696 3925 2999 3806
 2474 2696 4504 172 3335
 2474 2942 3591 2507 2960
 2474 3853 2826 3853 3806
 2488 1474 3806
 2456 2506 2999 3806
 2498 1988 2922 2151 2070 186
 2498 1988 3925 3180 582 2132 172
 2498 4639 3050 3994 2999 4832 2151
 2456 3609 2420 841 4831 130 4441
 2456 3609 2420 582 3626 3853 665
 2456 3626 4364 6 4956 1474
 2501 186 706 1330 4363 2999
 2456 4796 2940 2152 2696 4363 2999
 2456 4796 2940 2152 2696 2696 3938
 2456 4794 3107 1828 2847 3806
 2456 4794 3107 1828 4797 2151 3854 2175 4794
 2507 2873
 2507 2455 2777 4428 3591 658
 2507 2696 3326 2847
 2507 2775 1492 4804
 2507 3803 2069 2639 3806
 2592 172 2132 5 3458
 2507 4639 2501 3050 2456 4794 3107 1828 3809
 2507 4736 2940 1154 4256
 2545 3269 172 129 172 2122
 2565 476 3107 2941 1838
 2565 2498 2999 718 172
 2565 2498 2999 4958 2940
 2565 4007 1988 3993 2346 1828 3291
 2545 2696 3254 2999 1304
 2545 2999 681 2151 706 1330
 2545 2999 2455 3094 6 2999 3853 5
 2545 2999 2455 3094 2592 2698
 2545 2999 2455 3094 3875 4639
 2545 2999 2455 3094 3875 4639 3855 1910 4256
 2545 2999 2455 3107 1828 1318 5
 2574 4541 4829
 2545 3050 1304
 2545 4794 2592 172 4720 2544
 2588 3806
 2592 2133 2151 706 2999
 2592 172 1330 3806
 2592 186 993
 2592 5 3050 4957 2267 3838
 2592 717 339
 2592 1418 4957 2267 582 2129 1304
 2592 2506 581 3806
 2592 2639 2350 4714 4362 2231 1275 2850 1911 2590
 2592 2693 339
 2592 2696 124 3326 3806
 2592 2696 124 4913 3050 3806
 2592 2696 728 2999 3207 1828
 2592 2696 582 2132 2458 2999
 2592 2696 582 2132 2458 2999 2507 2960
 2592 2696 2565
 2592 2696 4395 754 476 3050 3806
 2592 2696 4395 754 2474 2696 3806
 2592 2696 4612 5 4525 4794 3806
 2592 2696 322 1843
 2632 3806
 2505 2640 4956 1064 3806
 2641 1665 2231 2940
 2641 1988 2592 2455 3262 1828
 2641 3589 3005 4804
 2641 3804 2999 6 549 4365 2591 351
 2641 3804 2999 354 678 3094
 2641 3804 2999 354 4364 4883
 2641 3804 2999 550 186 2455 3094
 2641 3804 2999 1831 2775 275
 2641 3804 2999 2462 2775 186
 2641 3804 2999 2474 2506 4362 3255 2455 2474 3050
 2641 3804 2999 2545 4794 2592 172
 2641 3804 2999 2778 3853 4639
 2641 3804 2999 3189 3853 4639
 2641 3804 2999 3252 5 2545 370
 2641 3804 2999 3262 1096 2455
 2641 3804 2999 3315 3853 186 276 158
 2641 3804 2999 3315 3853 186 383 4639
 2641 3804 2999 3854 239 2232 1065 3 2544 1357 3107
 2641 3804 2999 3854 2184 2506 3186
 2641 3804 2999 4057 239 172
 2677 706 2940
 2684 3925 2581 239 785
 2684 3925 2581 239 3627 3853 1474 4781 2351
 2641 4956 186 4256
 2688 1061 4365 2940
 2688 4457 172 3806
 2700 130 2369 1474 3806
 2700 3298 4131 3806
 2700 3589 2376 2175 3627 3853 1474 4781 2351
 2705 1887 4423 1828
 2699 1988 506 4365 2940
 2730 1183 2295 3077 3854 2267 5 3363 3626
 2727 1064 126 4395 2455 3107 1828
 2727 1064 239 2230 1843 3853
 2727 2190 5 4256
 2740 2544 339
 2742 1828 303 3806
 2742 2232 386
 2742 2232 386 3872 3853
 2742 2232 3111
 2742 2232 3474 2804 71
 2742 2232 4829
 2742 2258 3213 1096
 2742 2258 3213 1096 3806
 2742 2355 4189 1396
 2742 2151 4511 4187
 2742 3853 1990 2639 2507 2960
 2742 3853 2190 2267 582 3626 3853 665
 2742 3853 2190 2267 1304
 2742 3853 2190 2267 2979 2107
 2742 3853 2190 2267 3797
 2742 3853 2190 2267 3806
 2742 3853 2190 2267 2697 3590 4363
 2754 3806
 2699 3853 2420 1064 131 2457 1664
 2772 1721 1474 4829
 2789 1304
 2778 1064 2161 3626 669
 2778 2151 718 2940 3806
 2778 2151 1989 4796 2940 1304
 2778 2999 4282 172 3806
 2778 3614 2151 339
 2778 1830 4992 3186 86 3219
 2778 3589 2591 2696 322 3335
 2778 4394 3141 3102 3977 3854 2267 5 3363 3626
 2823 2369 1891 3
 2823 2369 740
 2828 2053 2544 2592 2696
 2835 3853 1520 3806
 2844 1474 4256
 2839 4532 2153 2620
 2827 2870 3853 5 4720 2544
 2881 2455 3 3853 2079 3806
 2889 1741 4362 3931 274 3906
 2889 3626 130 2620
 2894 389 158 1304
 2894 389 158 4804
 2897 4850
 2898 4532 785
 2896 1838 582 2132 5
 2871 3777 123 441 3425 3853 579
 2899 4532 582 3626 3853 665
 2910 1591 429 2666
 2910 1591 429 3806
 2914 2940 3314 754 2065
 2922 1999 2698 1186 4956 123 4850 2102
 2922 2504 429 3851 339
 2922 3853 4851 2079
 2936 3855 4751 3165 3 3853
 2697 3590 4363
 2697 3590 4363 4207
 2941 3202 172 2387 2687
 2943 1910 3626 1079 1828 123
 2941 1828 4423 1828 1727 2999 2119
 2943 2696 2693 3797
 2943 2940 718 322
 2943 3049 186 339
 2943 3049 186 1891 3
 2943 3049 186 3364 2693
 2943 3049 186 4726
 2943 3314 1474 3806
 2943 3853 2151 1911 3626 2999
 2943 4362 130 2175 2036 2940 2969 2184 1330
 2955 3219
 2951 269 3853 981
 2951 1331 3573 3853 4362 3780 669
 2951 2989 3853 741 1421 2295
 2951 2989 3853 741 1421 2295 3077 3854 2267 5 3363 3626
 2943 4362 2388 3077 4448 466 1357 4769 2756 871 963 1064
 2961 1330 4134
 2961 1330 4134 4186
 2961 1330 4134 1347
 2961 3050 4504 1330 4794 2507 2960
 2961 3050 4504 1330 4794 3806
 2961 3186 130 2620
 2994 4532 582 2351 4703
 2994 4532 2603
 2961 4953 4703 2322 3906
 2979 2107 3375 3405
 2941 1828 706 1330 2778 2999
 3028 550 3107 5 4752 3853 4364 1304
 3028 4186
 3028 4752 3853 4364
 3028 4857
 3028 3853 2091 3626 1304
 3028 3853 2091 3626 2620
 3051 129 339
 3072 4829
 3084 3806
 3051 1828 2190 4717 4956 669
 3100 452 581 109 4804
 3100 642 1990 4956
 3100 728 5 582 2132 2458 2999 3806
 3100 2079 4256
 3100 4430 2230 130 2507 2960
 3100 4697 4442 3050 2696 4131
 3051 2741 6 2591
 3051 2741 2456 1990 4956 4956 158 339
 3111 1622 3626 3589
 3111 1870 4256
 3111 3028 339
 3111 3028 2620
 3111 4582 2079
 3108 2372 3853 4639 2457 4504 1872
 3108 3591 1330 4362 3806
 3142 678 246 390 2504 128
 3142 678 246 3371
 3142 678 246 4020 3327 669
 3142 678 246 4186
 3142 678 246 4186 2507 2960
 3142 678 246 4620
 3142 717 1064 3219
 3142 2345 2544 582 3626 3853 665
 3170 3591 2696 3219
 3184 3806
 3205 339
 3205 3806
 3207 3191
 3207 4015 4639
 3207 1064 172 339
 3207 1828 3925 2999 3806
 3219 339
 3212 3851 339
 3189 3853 2351 3207 2395 2999 3806
 3189 3853 2351 3207 2395 2999 4762
 3189 3853 2351 3778 3853
 3189 3853 2351 3778 3853 3806
 3189 3853 2351 3778 3853 4762
 3189 3853 2351 3778 3853 4829
 3241 1474 4131 3806
 3252 5 2545 370
 3252 5 2545 370 3335
 3252 5 4640 438
 3256 669
 3257 4764 339
 3257 4764 1961 4736
 3255 388 2507 2960
 3255 754 3871 4448 2999
 3255 754 3926 1988 4256
 3255 2351 658 2079
 3255 2826 2918 2230 1304
 3262 186 3806
 3262 1828 2458 2999 339
 3262 1828 2941 1971 172
 3262 2230 3853 4652 5 3333 4984
 3262 2443 3838 3806
 3269 5 2132 3806
 3269 741 4723 3806
 3269 1330 2351 5 3806
 3269 4658 130 1911 4765 1066 3853 4796 2696 4956
 3269 4658 130 3806
 3187 2267 4957 2151
 3333 4362 2232 3806
 3333 4984 3854 2267 214 4699 5
 3364 1988 1475 2940 4007 1988
 3364 1988 2133 301 3806
 3364 1988 2396 4956
 3375 3405
 3405 1716 3589 1421 3806
 3460 3077 4803 3806
 3467 2653 2370 515
 3453 2940 3853 1466 4256
 3458 3906
 3474 2777 3806
 3541 301 2421 4362 550 1064 1064 1988 2369
 3542 2597
 3541 2506 4639 4640 351 2230
 3547 1880 3097 339
 3562 2267 1097 1911 2999
 3574 1395 4804
 3592 1064 2230 2699 3853
 3592 1664 2577 3335
 3592 1990 4956 4639 2699 1988 4984 2696
 3592 2069 2696 3051 2741
 3602 2699 2639
 3592 2395 353 2591 2444 2696 7 2091 4956
 3608 549 4383 3806
 3592 3853 3094 1304
 3627 389 581 583 582 2132 5
 3665 1029
 3665 3854 4796 3853 4503 2457
 3627 2940 1096 4982 4717 3168 2122
 3665 2069 2639 3806
 3665 4921 1961 4736
 3627 4751 4723 669
 3783 1331 3781 2093 4362 4362 4658
 3795 3806
 3778 4364 4985 1990 3591
 3802 751
 3802 3855 1590 3777
 3802 4726
 3802 2232 4804
 3802 4723 1330 3333 4984
 3805 275 4362 1357 1020 3853 3186 4956 4186 720
 3809 4134
 3809 4718 582 2003 3609 4829
 3807 2230 4395 3853 3853 1418 3853 3050 1988 2940
 3807 2230 4131 3806
 3805 678 3141 2498 2999 3853 2151
 3805 705 2639 1330 302 2994 4532
 3805 678 3141 3806
 3805 3853 130 2258 681 2940 3207 1828
 3840 4956 2507 2960
 3839 3853 3853 1380 3853 3806
 3854 93 3591 2444 3804 2999
 3855 1095 793
 3854 93 3591 3547 1880 3097
 3863 2036 2591 1474 3 3853 339
 3863 2070 2504 1066 3 3853
 3863 2401
 3863 3001 678 3097 275 4762
 3863 3250 3 3853
 3863 4223 3 3853
 3863 4889 1588 3626 1064 3806
 3863 4954 337 2176 3 3853
 3863 4954 337 2176 3 3853 2507 2960
 3854 129 3591 3806
 3855 2503 5 4423 3292 1380 2505 2267
 3868 2462 1330
 3872 2151 2519 3853 3806
 3908 3219
 3926 519 1330 4986 1961 4736
 3926 1988 2778 2151 2614
 3931 274 3906
 3925 1841 785
 3925 1841 2458 2696 3363 2999 6 3589 186 3806
 3925 2524 186 3806
 3925 2581 239 785
 3925 2581 239 793
 3925 2581 239 793 3806
 3925 2581 239 993
 3925 2581 239 1347
 3925 2581 239 1953 339
 3925 2581 239 2079
 3925 2581 239 2079 1304
 3925 2581 239 2079 3853 1304
 3925 2581 239 2620
 3925 2581 239 2651 3111
 3925 2581 239 3028
 3925 2581 239 3028 2507 2960
 3925 2581 239 3876
 3925 2581 239 3876 4207 3806
 3925 2581 239 4144 3806
 3925 2581 239 4857
 3925 2581 239 4857 1623 4828
 3925 2696 353 4794 186 143 1585
 3925 2696 353 4794 186 339
 3925 2696 353 4794 186 390 3589 2506 4956 1474
 3925 2696 353 4794 186 987 793
 3925 2696 353 4794 186 1913 3077 4834
 3925 2696 353 4794 186 2079 3853 1304
 3925 2696 353 4794 186 4020 3327 669
 3925 2696 353 4794 186 4012 4956 246
 3925 2696 353 4794 186 4365 2696 2190 2823 2369 740
 3925 2696 353 4794 186 4430 2230 130 339
 3925 2696 353 4794 186 4430 2230 130 3806
 3925 2696 353 4794 186 4752 3853 4364
 3925 2696 353 4794 186 4795 2016 4736 3853
 3925 2696 353 4794 186 4922 1828 3804 4736 339
 3925 2999 2455 186 1347 339
 3925 2999 2455 186 1347 3806
 3925 2999 2455 186 1347 4829
 3854 1418 2986 4362 3806
 3962 4652 582 3626 3853 665
 3854 1474 186 3118 1843 3853
 3854 1474 186 3118 3028 339
 3925 3591 3363 2999 2079
 3925 3591 4956 5 339
 3994 3819 441 3425 3853 579 4427 2155
 4004 2504 1746 3806
 4020 3327 669
 4034 2940 2592
 4036 2505 2267
 3854 2152 6
 4036 186 728 2462 3107 1828
 3854 2184 2506 3186 1843 3853
 4036 2640 3853 3050 391
 4052 728 3107 2133 301
 4052 2592 2696 4187
 4052 4957 2151 2133 2151
 4052 3107 2507 2960
 4052 3186 186 402 3094
 4052 3186 186 1097 402 3094
 4052 3853 4829
 4057 2697 2267
 3854 2267 2092 1330
 3854 2267 2425 3050 4804
 3854 2267 5 3363 3626 269 2930
 3854 2267 5 3363 3626 1227 669
 3854 2267 5 3363 3626 441
 3854 2267 5 3363 3626 476 4383 2160 1843 3853
 3854 2267 5 3363 3626 706 3853 2069 3626 2102
 3854 2267 5 3363 3626 886
 3854 2267 5 3363 3626 3300 303 2598 2930
 3854 2267 5 3363 3626 3645 3626 308
 3854 2267 5 3363 3626 4036 2455 1988 1362 1769
 3854 2267 5 3363 3626 4684 3077 4408 184 1163
 3854 2267 5 3363 3626 510 3 3853 2102
 3854 2267 5 3363 3626 1890 3 3853 2102
 3854 2267 5 3363 3626 4979 1725
 3854 2267 5 3363 3626 3 3853 2742 2230 1479 3
 4036 3094 4797 2940
 3854 2346 1828 2592 2696
 4063 1780 3854 4831 4362 4422 1999
 4066 4797 1988 3806
 4085 4956 2474 4883
 3854 2640 172 1330 993 2122
 4110 3050 439 2940 582 2132 5
 4110 3050 582 2129 1304
 4134 3262 1828 4958 2696 4958 3050 4993
 4134 4899 3806
 4110 3292 2153 2133 2639
 4144 550 3107 5 4752 3853 4364 3806
 4144 3269 2201 1330 4427 3806
 4144 4922 2519 3853 1304
 4186 2607 2125
 4186 4256
 4186 3854 2267 5 3363 3626
 4186 2544 93 339
 4186 4038 4762
 4186 4921 785
 3854 3626 1330 2943 3591 4956 174
 3854 3777 2922 3838 1838 2079 4419
 3854 3777 4036 4719 1318 3589 1830
 3854 3777 4720 2351 5 4751 2698 1066 2458 2593 2696 2726
 4190 1064 2384 582 3626 3853 665
 4190 1064 2384 4829
 4190 2696 1746 3592 1664 2577
 4200 2606 3806
 4223 2565
 4189 2351 2619 4804
 4246 2959 2122
 4246 4362 4532 3806
 4273 2120 1380 3853
 3854 4647 3097 2455 3806
 4310 389 158 1509 1828 3626 1418 3335
 4310 1064 3787 3219 3806
 4310 1850 2151 402 3094
 4310 1850 2151 1851 1258 2999 3806
 4310 1850 2151 3806
 4310 3049 6 2999
 4310 3980 785
 4310 3980 4187
 4310 3980 4720 2544
 4310 4394 581 751
 3854 4883 3853 3853 793 2620
 3854 4956 1357 2396 93 239 131 370
 4365 1910 3626 3806
 4365 2151 2092 1330
 4365 2151 3925 2999
 4365 2151 3925 2999 1304
 4365 2726 402 3094
 4365 2726 2444 3804 2999
 4365 2726 2444 3804 2999 3219
 4365 2726 2462 2775 186 172
 4365 2726 4812 2942
 4365 2741 2230 1064 339
 4365 2741 2230 1064 3806
 4365 2918 2258 3853 681 2999 2457 4362
 4365 2918 2258 3853 1352 1953
 4365 2940 476 3050 2592 301
 4365 2940 1419 1828 2425 3050
 4365 2940 2474 2696 706 2999 3806
 4365 2940 4395 754 4882 1330 339
 4365 2940 4525 754 3925 2999
 4365 2940 4525 754 3925 2999 2119
 4365 2940 123 2778 3591 1988
 4365 2999 2613 1845 3806
 4365 2999 2613 4605
 4365 2999 2777 3626 3806
 4365 2940 2424 2999 2458 4532 1828
 4365 2940 2424 2999 3262 2443 3838
 4365 3049 5 582 2132 5
 4395 351 172 1843
 4395 351 2267 2507 2960
 4395 754 1991 2151 2468 1828
 4395 3050 705 4794 1820 3212 2640 4699
 4395 754 4882 1330 4020 3327 669
 4395 754 4882 1330
 4395 2455 3107 1828 2074 4828
 4395 2640 2455 460 2999 123 582 3626 3853 665
 4395 2640 2455 460 2999 123 3797
 4395 2640 2455 460 2999 123 4256
 4395 2640 2455 2456 4699 322
 4395 2775 4703 4639 1304
 4423 1828 3871 4504 172 2092 754
 4423 1828 4525 2999 3806
 4428 186 550 2518 339
 4395 4794 706 4794 4256
 4448 706 4717 3819 3853
 4448 2356 4362 174
 4448 2697 3590 4363
 4442 3107 1828 390 1330 3806
 4442 3107 1828 2456 2035 2999 2102
 4504 172 2498 2999 4419
 4363 2346 1828 3364 1988 339
 4504 4742 4532 2507 2960
 4525 5 3252 3050 1988
 4525 5 3252 3050 1988 668
 4525 5 3252 3050 1988 2697 3590 4363
 4525 5 3252 3050 1988 1347
 4525 5 3252 3050 1988 3028
 4525 5 3252 3050 1988 3797
 4525 5 3252 3050 1988 2255 3219
 4525 1988 4612 754 1304
 4525 1988 4612 754 3806
 4525 2473 3050 2742 2258
 4525 3188 4982 3806
 4553 3853 4256
 4582 4362 3119 4804
 4577 4781 3853 1330 3335
 4612 275 339
 4612 275 3806
 4612 275 3931 2620
 4612 275 4430 2230 130 3806
 4616 1588 582 2151 4642 3806
 4640 2697 582 1259 3589 2867 3156
 4640 438 785
 4640 438 582 3626 3853 665
 4640 438 2620
 4640 2687 3925 2696 353 4794 186
 4661 2383 4256
 4684 4551
 4697 131 2443 3000 1357
 4697 131 2443 3000 1357 2620
 4697 131 2443 3000 1357 3806
 4697 402 3094
 4697 402 3094 3806
 4697 550 2473 4362 4510 123
 4697 550 2473 4362 4510 123 3806
 4697 681 2999 2151 3806
 4697 2425 3050 131 2443 3000 1357 2620
 4697 3205 4726 3806
 4697 3252 5 2545 370 3806
 4697 3255 2351 658 3627 3853 1474 4781 2351
 4697 3925 2581 239 3627 3853 1474 4781 2351
 4697 3854 1474 186 3118
 4697 4889 2473 1330 3806
 4720 4649 172 3806
 4718 1330 1474 275 158 4956 3806
 4743 1096 582 3626 3853 665
 4756 3219 3806
 4752 1884 2518 4394 1304
 4752 2409 3992 276 2091 2455 1829 1990 3777 4796 2506
 4752 4751 1418 3565 2035
 4797 2455 2027 3853 172
 4797 2455 2027 3853 172 3335
 4797 2455 4365 2940 2424 2999
 4806 30 1330 4829
 4802 4427 4913 3107
 4797 2940 4442 3050 339
 4812 1330 1999 3806
 4812 2267 2230 4804
 4812 4883 754 3806
 4818 1357 5 4007 549 4956 5
 4826 2640 3050 4256
 4797 4362 4422 1488 3806
 4832 1330 390 2999 728 2999
 4852 2267 4532 744
 4857 474 4200 3853
 4857 3269 2201 1330 4427 3806
 4857 4186
 4857 4921 339
 4795 1999 3363 5 1347
 4869 4362 678 4699 678 3806
 4869 4362 2589 3806
 4889 2880 239 339
 4896 3853 3141 3219 2079
 4907 239 4362 3806
 4884 4362 4427 2267 3806
 4917 1828 718 2940 4971 2461 3806
 4917 1828 2092 754 476 3107
 4922 1828 3804 4736 4762
 4922 2519 4256
 4922 2519 3853 1834 350 4956
 4922 2544 2184 1988 785
 4954 2190 2230 339
 4954 2230 2846 3931 274
 4958 2940 2133 2151 681 2999
 4958 2999 4362 4986 556
 4958 3589 4921 339
 4960 3050 1988 1829 2069 2696 3925 2999
 4960 4794 4395 1330
 4960 4794 4395 1330 785
 4960 4794 4395 1330 3371
 4957 2350 706 3107 1828 1815
 4957 2359 4660 668
 4957 2359 4660 4256
 4971 2999 2778 2504 4765 4957 2151 2455 679 4956 1330
 4973 3335
 4981 2133 186 4983 2069 4983 4660 4419
 4981 172 679 2267
 4981 2999 2501 186 3806
 4981 4719 352 1990 3591 4503
 4957 4781 2940 2960 2941 1828
 4985 2230 4645 2230 3025 1064 2230
 4990 2133 2151
 4983 2091 4639 4957 2267 2943 2940
 4983 2346 439 3853 2001 441 3425 3853 579 4427 2155
